100
   -81      82     
   -97      78     
   -65      94     
   -60     -78     
   -94      89     
    83      42     
    96     -97     
    86     -22     
   -57      27     
    80     -76     
    -1     -58     
    19     -55     
   -87     -20     
   -75      19     
    39      24     
    50       8     
    20       4     
    11      -8     
   -19      33     
    23      13     
    80     -87     
   -80      32     
   -63      44     
   -51      68     
   -18       8     
     4     -41     
   -31      79     
   -63      -8     
   -18      71     
   -45      -4     
   -50     -24     
   -13      -5     
    68      31     
    30      80     
   -89     -38     
   -84      66     
    28     -64     
    46     -28     
   -44      52     
    -2     -92     
   -45     -43     
   -76      43     
    23      12     
    69     -57     
    82     -47     
     4     -31     
   -14      97     
   -53      43     
    -2      98     
    21      -3     
   -59      50     
   -65      73     
    23      -2     
    43     -33     
    44     -50     
   -93      53     
   -64     -60     
    -1     -14     
   -66      83     
    22       4     
   -82      44     
    68      78     
   -35       1     
   -27     -54     
    22      89     
   -73      96     
    98     -68     
    66      30     
   -21      64     
    89     -13     
    96       3     
    54     -27     
   -14      36     
    14     -90     
   -90      32     
    53      58     
   -48      56     
    88      23     
   -88     -97     
   -83      91     
    26      88     
    81      42     
   -85     -71     
    50      42     
    31      51     
     1       5     
   -32      56     
   -33      45     
    94      56     
   -11      73     
   -32       0     
    50     -18     
     6      -3     
    99     -53     
     1      77     
    35     -21     
    27      46     
   -23     -86     
    49     -91     
   -76      -3     
