400
0 0 0
10 0 0
20 0 0
30 0 0
40 0 0
50 0 0
60 0 0
70 0 0
80 0 0
90 0 0
0 10 0
10 10 0
20 10 0
30 10 0
40 10 0
50 10 0
60 10 0
70 10 0
80 10 0
90 10 0
0 20 0
10 20 0
20 20 0
30 20 0
40 20 0
50 20 0
60 20 0
70 20 0
80 20 0
90 20 0
0 30 0
10 30 0
20 30 0
30 30 0
40 30 0
50 30 0
60 30 0
70 30 0
80 30 0
90 30 0
0 40 0
10 40 0
20 40 0
30 40 0
40 40 0
50 40 0
60 40 0
70 40 0
80 40 0
90 40 0
0 50 0
10 50 0
20 50 0
30 50 0
40 50 0
50 50 0
60 50 0
70 50 0
80 50 0
90 50 0
0 60 0
10 60 0
20 60 0
30 60 0
40 60 0
50 60 0
60 60 0
70 60 0
80 60 0
90 60 0
0 70 0
10 70 0
20 70 0
30 70 0
40 70 0
50 70 0
60 70 0
70 70 0
80 70 0
90 70 0
0 80 0
10 80 0
20 80 0
30 80 0
40 80 0
50 80 0
60 80 0
70 80 0
80 80 0
90 80 0
0 90 0
10 90 0
20 90 0
30 90 0
40 90 0
50 90 0
60 90 0
70 90 0
80 90 0
90 90 0
0 0 10
10 0 10
20 0 10
30 0 10
40 0 10
50 0 10
60 0 10
70 0 10
80 0 10
90 0 10
0 10 10
10 10 10
20 10 10
30 10 10
40 10 10
50 10 10
60 10 10
70 10 10
80 10 10
90 10 10
0 20 10
10 20 10
20 20 10
30 20 10
40 20 10
50 20 10
60 20 10
70 20 10
80 20 10
90 20 10
0 30 10
10 30 10
20 30 10
30 30 10
40 30 10
50 30 10
60 30 10
70 30 10
80 30 10
90 30 10
0 40 10
10 40 10
20 40 10
30 40 10
40 40 10
50 40 10
60 40 10
70 40 10
80 40 10
90 40 10
0 50 10
10 50 10
20 50 10
30 50 10
40 50 10
50 50 10
60 50 10
70 50 10
80 50 10
90 50 10
0 60 10
10 60 10
20 60 10
30 60 10
40 60 10
50 60 10
60 60 10
70 60 10
80 60 10
90 60 10
0 70 10
10 70 10
20 70 10
30 70 10
40 70 10
50 70 10
60 70 10
70 70 10
80 70 10
90 70 10
0 80 10
10 80 10
20 80 10
30 80 10
40 80 10
50 80 10
60 80 10
70 80 10
80 80 10
90 80 10
0 90 10
10 90 10
20 90 10
30 90 10
40 90 10
50 90 10
60 90 10
70 90 10
80 90 10
90 90 10
0 0 20
10 0 20
20 0 20
30 0 20
40 0 20
50 0 20
60 0 20
70 0 20
80 0 20
90 0 20
0 10 20
10 10 20
20 10 20
30 10 20
40 10 20
50 10 20
60 10 20
70 10 20
80 10 20
90 10 20
0 20 20
10 20 20
20 20 20
30 20 20
40 20 20
50 20 20
60 20 20
70 20 20
80 20 20
90 20 20
0 30 20
10 30 20
20 30 20
30 30 20
40 30 20
50 30 20
60 30 20
70 30 20
80 30 20
90 30 20
0 40 20
10 40 20
20 40 20
30 40 20
40 40 20
50 40 20
60 40 20
70 40 20
80 40 20
90 40 20
0 50 20
10 50 20
20 50 20
30 50 20
40 50 20
50 50 20
60 50 20
70 50 20
80 50 20
90 50 20
0 60 20
10 60 20
20 60 20
30 60 20
40 60 20
50 60 20
60 60 20
70 60 20
80 60 20
90 60 20
0 70 20
10 70 20
20 70 20
30 70 20
40 70 20
50 70 20
60 70 20
70 70 20
80 70 20
90 70 20
0 80 20
10 80 20
20 80 20
30 80 20
40 80 20
50 80 20
60 80 20
70 80 20
80 80 20
90 80 20
0 90 20
10 90 20
20 90 20
30 90 20
40 90 20
50 90 20
60 90 20
70 90 20
80 90 20
90 90 20
0 0 30
10 0 30
20 0 30
30 0 30
40 0 30
50 0 30
60 0 30
70 0 30
80 0 30
90 0 30
0 10 30
10 10 30
20 10 30
30 10 30
40 10 30
50 10 30
60 10 30
70 10 30
80 10 30
90 10 30
0 20 30
10 20 30
20 20 30
30 20 30
40 20 30
50 20 30
60 20 30
70 20 30
80 20 30
90 20 30
0 30 30
10 30 30
20 30 30
30 30 30
40 30 30
50 30 30
60 30 30
70 30 30
80 30 30
90 30 30
0 40 30
10 40 30
20 40 30
30 40 30
40 40 30
50 40 30
60 40 30
70 40 30
80 40 30
90 40 30
0 50 30
10 50 30
20 50 30
30 50 30
40 50 30
50 50 30
60 50 30
70 50 30
80 50 30
90 50 30
0 60 30
10 60 30
20 60 30
30 60 30
40 60 30
50 60 30
60 60 30
70 60 30
80 60 30
90 60 30
0 70 30
10 70 30
20 70 30
30 70 30
40 70 30
50 70 30
60 70 30
70 70 30
80 70 30
90 70 30
0 80 30
10 80 30
20 80 30
30 80 30
40 80 30
50 80 30
60 80 30
70 80 30
80 80 30
90 80 30
0 90 30
10 90 30
20 90 30
30 90 30
40 90 30
50 90 30
60 90 30
70 90 30
80 90 30
90 90 30
796
0 100 10
110 10 100
0 1 100
101 100 1
0 10 1
11 1 10
100 101 110
111 110 101
1 2 101
102 101 2
1 11 2
12 2 11
11 111 12
112 12 111
101 102 111
112 111 102
2 3 102
103 102 3
2 12 3
13 3 12
12 112 13
113 13 112
102 103 112
113 112 103
3 4 103
104 103 4
3 13 4
14 4 13
13 113 14
114 14 113
103 104 113
114 113 104
4 5 104
105 104 5
4 14 5
15 5 14
104 105 114
115 114 105
5 6 105
106 105 6
5 15 6
16 6 15
15 115 16
116 16 115
105 106 115
116 115 106
6 7 106
107 106 7
6 16 7
17 7 16
16 116 17
117 17 116
106 107 116
117 116 107
7 8 107
108 107 8
7 17 8
18 8 17
17 117 18
118 18 117
107 108 117
118 117 108
8 9 108
109 108 9
8 18 9
19 9 18
9 19 109
119 109 19
108 109 118
119 118 109
10 110 20
120 20 110
10 20 11
21 11 20
11 21 111
121 111 21
110 111 120
121 120 111
14 114 24
124 24 114
14 24 15
25 15 24
15 25 115
125 115 25
114 115 124
125 124 115
18 118 28
128 28 118
18 28 19
29 19 28
19 29 119
129 119 29
118 119 128
129 128 119
20 120 30
130 30 120
20 30 21
31 21 30
21 31 121
131 121 31
120 121 130
131 130 121
22 122 32
132 32 122
22 23 122
123 122 23
22 32 23
33 23 32
23 33 123
133 123 33
122 123 132
133 132 123
24 124 34
134 34 124
24 34 25
35 25 34
25 35 125
135 125 35
124 125 134
135 134 125
26 126 36
136 36 126
26 27 126
127 126 27
26 36 27
37 27 36
27 37 127
137 127 37
126 127 136
137 136 127
28 128 38
138 38 128
28 38 29
39 29 38
29 39 129
139 129 39
128 129 138
139 138 129
30 130 40
140 40 130
30 40 31
41 31 40
40 140 41
141 41 140
130 131 140
141 140 131
31 32 131
132 131 32
31 41 32
42 32 41
41 141 42
142 42 141
131 132 141
142 141 132
32 42 33
43 33 42
33 43 133
143 133 43
42 142 43
143 43 142
132 133 142
143 142 133
34 134 44
144 44 134
34 44 35
45 35 44
35 45 135
145 135 45
134 135 144
145 144 135
36 136 46
146 46 136
36 46 37
47 37 46
46 146 47
147 47 146
136 137 146
147 146 137
37 38 137
138 137 38
37 47 38
48 38 47
47 147 48
148 48 147
137 138 147
148 147 138
38 48 39
49 39 48
39 49 139
149 139 49
48 148 49
149 49 148
138 139 148
149 148 139
44 144 54
154 54 144
44 54 45
55 45 54
45 55 145
155 145 55
50 150 60
160 60 150
50 51 150
151 150 51
50 60 51
61 51 60
150 151 160
161 160 151
51 52 151
152 151 52
51 61 52
62 52 61
61 161 62
162 62 161
151 152 161
162 161 152
52 53 152
153 152 53
52 62 53
63 53 62
53 63 153
163 153 63
152 153 162
163 162 153
54 154 64
164 64 154
54 64 55
65 55 64
55 65 155
165 155 65
154 155 164
165 164 155
56 156 66
166 66 156
56 57 156
157 156 57
56 66 57
67 57 66
156 157 166
167 166 157
57 58 157
158 157 58
57 67 58
68 58 67
67 167 68
168 68 167
157 158 167
168 167 158
58 59 158
159 158 59
58 68 59
69 59 68
59 69 159
169 159 69
158 159 168
169 168 159
60 160 70
170 70 160
60 70 61
71 61 70
61 71 161
171 161 71
160 161 170
171 170 161
62 162 72
172 72 162
62 72 63
73 63 72
63 73 163
173 163 73
72 172 73
173 73 172
162 163 172
173 172 163
64 164 74
174 74 164
64 74 65
75 65 74
65 75 165
175 165 75
164 165 174
175 174 165
66 166 76
176 76 166
66 76 67
77 67 76
67 77 167
177 167 77
76 176 77
177 77 176
166 167 176
177 176 167
68 168 78
178 78 168
68 78 69
79 69 78
69 79 169
179 169 79
168 169 178
179 178 169
70 170 80
180 80 170
70 80 71
81 71 80
71 81 171
181 171 81
170 171 180
181 180 171
74 174 84
184 84 174
74 84 75
85 75 84
75 85 175
185 175 85
174 175 184
185 184 175
78 178 88
188 88 178
78 88 79
89 79 88
79 89 179
189 179 89
178 179 188
189 188 179
80 180 90
190 90 180
80 90 81
91 81 90
90 190 91
191 91 190
180 181 190
191 190 181
81 82 181
182 181 82
81 91 82
92 82 91
91 191 92
192 92 191
181 182 191
192 191 182
82 83 182
183 182 83
82 92 83
93 83 92
92 192 93
193 93 192
182 183 192
193 192 183
83 84 183
184 183 84
83 93 84
94 84 93
93 193 94
194 94 193
183 184 193
194 193 184
84 94 85
95 85 94
94 194 95
195 95 194
184 185 194
195 194 185
85 86 185
186 185 86
85 95 86
96 86 95
95 195 96
196 96 195
185 186 195
196 195 186
86 87 186
187 186 87
86 96 87
97 87 96
96 196 97
197 97 196
186 187 196
197 196 187
87 88 187
188 187 88
87 97 88
98 88 97
97 197 98
198 98 197
187 188 197
198 197 188
88 98 89
99 89 98
89 99 189
199 189 99
98 198 99
199 99 198
188 189 198
199 198 189
144 244 154
254 154 244
144 145 244
245 244 145
145 155 245
255 245 155
154 254 155
255 155 254
200 300 210
310 210 300
200 201 300
301 300 201
200 210 201
211 201 210
300 301 310
311 310 301
201 202 301
302 301 202
201 211 202
212 202 211
211 311 212
312 212 311
301 302 311
312 311 302
202 203 302
303 302 203
202 212 203
213 203 212
212 312 213
313 213 312
302 303 312
313 312 303
203 204 303
304 303 204
203 213 204
214 204 213
213 313 214
314 214 313
303 304 313
314 313 304
204 205 304
305 304 205
204 214 205
215 205 214
304 305 314
315 314 305
205 206 305
306 305 206
205 215 206
216 206 215
215 315 216
316 216 315
305 306 315
316 315 306
206 207 306
307 306 207
206 216 207
217 207 216
216 316 217
317 217 316
306 307 316
317 316 307
207 208 307
308 307 208
207 217 208
218 208 217
217 317 218
318 218 317
307 308 317
318 317 308
208 209 308
309 308 209
208 218 209
219 209 218
209 219 309
319 309 219
308 309 318
319 318 309
210 310 220
320 220 310
210 220 211
221 211 220
211 221 311
321 311 221
310 311 320
321 320 311
214 314 224
324 224 314
214 224 215
225 215 224
215 225 315
325 315 225
314 315 324
325 324 315
218 318 228
328 228 318
218 228 219
229 219 228
219 229 319
329 319 229
318 319 328
329 328 319
220 320 230
330 230 320
220 230 221
231 221 230
221 231 321
331 321 231
320 321 330
331 330 321
222 322 232
332 232 322
222 223 322
323 322 223
222 232 223
233 223 232
223 233 323
333 323 233
322 323 332
333 332 323
224 324 234
334 234 324
224 234 225
235 225 234
225 235 325
335 325 235
324 325 334
335 334 325
226 326 236
336 236 326
226 227 326
327 326 227
226 236 227
237 227 236
227 237 327
337 327 237
326 327 336
337 336 327
228 328 238
338 238 328
228 238 229
239 229 238
229 239 329
339 329 239
328 329 338
339 338 329
230 330 240
340 240 330
230 240 231
241 231 240
240 340 241
341 241 340
330 331 340
341 340 331
231 232 331
332 331 232
231 241 232
242 232 241
241 341 242
342 242 341
331 332 341
342 341 332
232 242 233
243 233 242
233 243 333
343 333 243
242 342 243
343 243 342
332 333 342
343 342 333
234 334 244
344 244 334
234 244 235
245 235 244
235 245 335
345 335 245
334 335 344
345 344 335
236 336 246
346 246 336
236 246 237
247 237 246
246 346 247
347 247 346
336 337 346
347 346 337
237 238 337
338 337 238
237 247 238
248 238 247
247 347 248
348 248 347
337 338 347
348 347 338
238 248 239
249 239 248
239 249 339
349 339 249
248 348 249
349 249 348
338 339 348
349 348 339
244 344 254
354 254 344
245 255 345
355 345 255
344 345 354
355 354 345
250 350 260
360 260 350
250 251 350
351 350 251
250 260 251
261 251 260
350 351 360
361 360 351
251 252 351
352 351 252
251 261 252
262 252 261
261 361 262
362 262 361
351 352 361
362 361 352
252 253 352
353 352 253
252 262 253
263 253 262
253 263 353
363 353 263
352 353 362
363 362 353
254 354 264
364 264 354
254 264 255
265 255 264
255 265 355
365 355 265
354 355 364
365 364 355
256 356 266
366 266 356
256 257 356
357 356 257
256 266 257
267 257 266
356 357 366
367 366 357
257 258 357
358 357 258
257 267 258
268 258 267
267 367 268
368 268 367
357 358 367
368 367 358
258 259 358
359 358 259
258 268 259
269 259 268
259 269 359
369 359 269
358 359 368
369 368 359
260 360 270
370 270 360
260 270 261
271 261 270
261 271 361
371 361 271
360 361 370
371 370 361
262 362 272
372 272 362
262 272 263
273 263 272
263 273 363
373 363 273
272 372 273
373 273 372
362 363 372
373 372 363
264 364 274
374 274 364
264 274 265
275 265 274
265 275 365
375 365 275
364 365 374
375 374 365
266 366 276
376 276 366
266 276 267
277 267 276
267 277 367
377 367 277
276 376 277
377 277 376
366 367 376
377 376 367
268 368 278
378 278 368
268 278 269
279 269 278
269 279 369
379 369 279
368 369 378
379 378 369
270 370 280
380 280 370
270 280 271
281 271 280
271 281 371
381 371 281
370 371 380
381 380 371
274 374 284
384 284 374
274 284 275
285 275 284
275 285 375
385 375 285
374 375 384
385 384 375
278 378 288
388 288 378
278 288 279
289 279 288
279 289 379
389 379 289
378 379 388
389 388 379
280 380 290
390 290 380
280 290 281
291 281 290
290 390 291
391 291 390
380 381 390
391 390 381
281 282 381
382 381 282
281 291 282
292 282 291
291 391 292
392 292 391
381 382 391
392 391 382
282 283 382
383 382 283
282 292 283
293 283 292
292 392 293
393 293 392
382 383 392
393 392 383
283 284 383
384 383 284
283 293 284
294 284 293
293 393 294
394 294 393
383 384 393
394 393 384
284 294 285
295 285 294
294 394 295
395 295 394
384 385 394
395 394 385
285 286 385
386 385 286
285 295 286
296 286 295
295 395 296
396 296 395
385 386 395
396 395 386
286 287 386
387 386 287
286 296 287
297 287 296
296 396 297
397 297 396
386 387 396
397 396 387
287 288 387
388 387 288
287 297 288
298 288 297
297 397 298
398 298 397
387 388 397
398 397 388
288 298 289
299 289 298
289 299 389
399 389 299
298 398 299
399 299 398
388 389 398
399 398 389
45 45 15
    55       2      21
    88      91       1
    56      28      25
    94      13      -4
    61      30      20
    23      85      -1
    85      74       3
    78       2      17
    46      65       2
    29      60       8
    49      21      11
    14      14       9
    30      74      22
     5      73      29
     8      39       3
    69      68      -1
    79      58      30
    -1      41      33
    55      93      21
    72      26       7
     3      80      18
    42      -1      25
    76      34      17
    43      44       8
    29      56      26
    48      31      15
    58      15       0
    47      18      19
    42      78      18
     8      55      30
    39      63      24
    -4      10      26
    71      92       2
    26      40      21
    59      74       6
    36      27      20
    85      91      28
    -2      43      -3
    57      90      30
    14       3      14
     2      47       2
    75      49       8
    53      25       7
    69      56      25
    35      19      16
    61      60      29
    24      50      27
     6      53       6
    12      15       4
     0      34       7
    48      41      28
    65      21      10
    -3      78      22
    25      52       6
    -1      92      16
    52      58       2
    37      87      24
    17      -2       7
    45      15      16
    67      20      31
    -2      73       9
    81      43      20
    18      44      13
    85      75      -4
    12      79      35
    65      36      20
    82      77      17
    55      -1      18
    86      48      26
    38      21      -4
    29      24      27
    65      10       7
    26      32      26
    71      22      18
    73      40      12
    72       9      28
    34      -3      21
    89      57      22
    46      48       4
    24      91      14
    27      24      25
     8      94      31
    37      26       6
    15       2      17
    73      80      35
    14      57       0
    -4      -4       1
    61      90      26
    29      41       7
    50      71       5
    -3       3      17
    73      16      17
    63      58      29
    90      78      32
    45      56      26
    44      75      11
    58      77      11
    73      42       9
    49      76      28
    79      31      18
